2,1,23,368,349,177,-1,-1,-1,-1
2,2,521,508,124,67,-1,-1,-1,-1
2,3,73,577,135,77,-1,-1,-1,-1
2,4,961,668,114,50,-1,-1,-1,-1
2,5,933,331,60,42,-1,-1,-1,-1
2,6,819,319,66,43,-1,-1,-1,-1
2,7,1016,275,70,45,-1,-1,-1,-1
2,8,1007,457,129,74,-1,-1,-1,-1
2,9,0,480,38,52,-1,-1,-1,-1
2,10,1174,189,59,28,-1,-1,-1,-1
2,11,26,210,55,29,-1,-1,-1,-1
2,12,703,321,79,41,-1,-1,-1,-1
2,13,861,190,35,27,-1,-1,-1,-1
2,14,1080,420,172,95,-1,-1,-1,-1
2,15,58,317,101,51,-1,-1,-1,-1
2,19,869,162,33,22,-1,-1,-1,-1
3,1,23,368,349,177,-1,-1,-1,-1
3,2,527,508,125,67,-1,-1,-1,-1
3,3,84,574,134,77,-1,-1,-1,-1
3,4,978,673,101,45,-1,-1,-1,-1
3,5,930,329,60,41,-1,-1,-1,-1
3,6,817,318,64,41,-1,-1,-1,-1
3,7,1018,274,71,45,-1,-1,-1,-1
3,8,998,456,127,72,-1,-1,-1,-1
3,9,0,480,38,52,-1,-1,-1,-1
3,10,1174,189,59,28,-1,-1,-1,-1
3,11,25,210,57,29,-1,-1,-1,-1
3,12,700,320,78,40,-1,-1,-1,-1
3,13,862,188,34,28,-1,-1,-1,-1
3,14,1068,413,179,99,-1,-1,-1,-1
3,15,47,317,101,51,-1,-1,-1,-1
3,19,871,161,31,21,-1,-1,-1,-1
4,1,23,368,348,177,-1,-1,-1,-1
4,2,535,509,124,67,-1,-1,-1,-1
4,3,94,571,136,77,-1,-1,-1,-1
4,4,994,680,87,37,-1,-1,-1,-1
4,5,927,327,59,41,-1,-1,-1,-1
4,6,815,316,63,41,-1,-1,-1,-1
4,7,1021,274,71,45,-1,-1,-1,-1
4,8,989,453,127,72,-1,-1,-1,-1
4,9,0,480,38,52,-1,-1,-1,-1
4,10,1174,189,59,28,-1,-1,-1,-1
4,11,25,210,58,29,-1,-1,-1,-1
4,12,696,319,78,40,-1,-1,-1,-1
4,13,864,188,33,27,-1,-1,-1,-1
4,14,1057,409,183,101,-1,-1,-1,-1
4,15,41,318,101,51,-1,-1,-1,-1
4,19,872,160,31,21,-1,-1,-1,-1
5,1,22,368,349,177,-1,-1,-1,-1
5,2,542,510,124,67,-1,-1,-1,-1
5,3,107,569,132,75,-1,-1,-1,-1
5,4,1006,686,74,31,-1,-1,-1,-1
5,5,925,325,59,41,-1,-1,-1,-1
5,6,813,315,61,39,-1,-1,-1,-1
5,7,1024,274,69,44,-1,-1,-1,-1
5,8,982,450,126,71,-1,-1,-1,-1
5,9,0,480,38,52,-1,-1,-1,-1
5,10,1174,189,59,28,-1,-1,-1,-1
5,11,26,210,57,29,-1,-1,-1,-1
5,12,692,317,78,40,-1,-1,-1,-1
5,13,864,188,33,26,-1,-1,-1,-1
5,14,1050,407,181,102,-1,-1,-1,-1
5,15,36,319,101,51,-1,-1,-1,-1
5,19,873,160,31,21,-1,-1,-1,-1
6,1,22,368,349,177,-1,-1,-1,-1
6,2,548,511,122,65,-1,-1,-1,-1
6,3,116,565,134,76,-1,-1,-1,-1
6,4,1020,691,60,26,-1,-1,-1,-1
6,5,923,324,57,39,-1,-1,-1,-1
6,6,812,314,59,38,-1,-1,-1,-1
6,7,1027,273,68,43,-1,-1,-1,-1
6,8,976,446,123,69,-1,-1,-1,-1
6,9,0,480,38,52,-1,-1,-1,-1
6,10,1174,189,59,28,-1,-1,-1,-1
6,11,26,210,57,29,-1,-1,-1,-1
6,12,687,316,78,39,-1,-1,-1,-1
6,13,866,187,34,26,-1,-1,-1,-1
6,14,1043,406,178,99,-1,-1,-1,-1
6,15,32,319,103,53,-1,-1,-1,-1
6,19,875,160,29,19,-1,-1,-1,-1
7,1,22,368,348,177,-1,-1,-1,-1
7,2,556,511,124,67,-1,-1,-1,-1
7,3,125,562,136,77,-1,-1,-1,-1
7,5,921,323,57,39,-1,-1,-1,-1
7,6,810,314,56,36,-1,-1,-1,-1
7,7,1031,273,67,42,-1,-1,-1,-1
7,8,968,443,124,69,-1,-1,-1,-1
7,9,0,480,38,52,-1,-1,-1,-1
7,10,1174,189,59,28,-1,-1,-1,-1
7,11,26,210,57,29,-1,-1,-1,-1
7,12,684,315,77,39,-1,-1,-1,-1
7,13,867,185,34,26,-1,-1,-1,-1
7,14,1038,404,172,97,-1,-1,-1,-1
7,15,28,320,105,53,-1,-1,-1,-1
7,19,876,159,29,19,-1,-1,-1,-1
7,25,336,285,76,33,-1,-1,-1,-1
8,1,23,368,347,177,-1,-1,-1,-1
8,2,562,511,124,67,-1,-1,-1,-1
8,3,134,559,137,77,-1,-1,-1,-1
8,5,919,321,57,39,-1,-1,-1,-1
8,6,804,307,63,41,-1,-1,-1,-1
8,7,1033,271,70,43,-1,-1,-1,-1
8,8,960,440,125,69,-1,-1,-1,-1
8,9,0,480,38,52,-1,-1,-1,-1
8,10,1174,189,59,28,-1,-1,-1,-1
8,11,25,210,59,29,-1,-1,-1,-1
8,12,681,314,75,39,-1,-1,-1,-1
8,13,869,184,33,27,-1,-1,-1,-1
8,14,1033,404,169,95,-1,-1,-1,-1
8,15,20,320,106,54,-1,-1,-1,-1
8,25,335,286,73,31,-1,-1,-1,-1
8,26,407,313,71,31,-1,-1,-1,-1
9,1,23,368,347,177,-1,-1,-1,-1
9,2,567,511,126,68,-1,-1,-1,-1
9,3,144,558,135,75,-1,-1,-1,-1
9,5,916,319,57,39,-1,-1,-1,-1
9,6,799,302,66,44,-1,-1,-1,-1
9,7,1035,270,69,43,-1,-1,-1,-1
9,8,954,437,122,68,-1,-1,-1,-1
9,9,0,480,38,52,-1,-1,-1,-1
9,10,1174,189,59,28,-1,-1,-1,-1
9,11,25,210,59,29,-1,-1,-1,-1
9,12,678,313,73,37,-1,-1,-1,-1
9,13,870,183,33,27,-1,-1,-1,-1
9,14,1027,402,170,96,-1,-1,-1,-1
9,15,13,320,108,55,-1,-1,-1,-1
9,25,333,286,72,31,-1,-1,-1,-1
9,26,400,309,79,34,-1,-1,-1,-1
10,1,23,368,347,177,-1,-1,-1,-1
10,2,573,512,128,69,-1,-1,-1,-1
10,3,155,556,134,75,-1,-1,-1,-1
10,5,913,316,58,40,-1,-1,-1,-1
10,6,797,300,65,43,-1,-1,-1,-1
10,7,1038,270,68,41,-1,-1,-1,-1
10,8,948,434,119,67,-1,-1,-1,-1
10,9,0,480,38,52,-1,-1,-1,-1
10,10,1174,189,59,28,-1,-1,-1,-1
10,11,25,210,59,29,-1,-1,-1,-1
10,12,674,312,73,37,-1,-1,-1,-1
10,13,872,183,31,25,-1,-1,-1,-1
10,14,1022,399,169,96,-1,-1,-1,-1
10,15,8,321,106,55,-1,-1,-1,-1
10,25,321,287,73,32,-1,-1,-1,-1
10,26,397,310,79,34,-1,-1,-1,-1
11,1,23,368,347,177,-1,-1,-1,-1
11,2,579,513,128,69,-1,-1,-1,-1
11,3,166,554,133,74,-1,-1,-1,-1
11,5,911,315,57,40,-1,-1,-1,-1
11,6,797,299,62,42,-1,-1,-1,-1
11,7,1039,269,68,42,-1,-1,-1,-1
11,8,940,433,119,66,-1,-1,-1,-1
11,9,0,480,38,52,-1,-1,-1,-1
11,10,1174,189,59,28,-1,-1,-1,-1
11,11,24,210,60,29,-1,-1,-1,-1
11,12,670,310,74,37,-1,-1,-1,-1
11,13,872,183,31,24,-1,-1,-1,-1
11,14,1019,398,164,92,-1,-1,-1,-1
11,15,2,322,107,55,-1,-1,-1,-1
11,25,315,288,73,31,-1,-1,-1,-1
11,26,393,313,74,31,-1,-1,-1,-1
12,1,23,368,347,177,-1,-1,-1,-1
12,2,584,513,129,70,-1,-1,-1,-1
12,3,177,553,129,71,-1,-1,-1,-1
12,5,909,313,57,39,-1,-1,-1,-1
12,6,797,299,58,40,-1,-1,-1,-1
12,7,1041,268,68,41,-1,-1,-1,-1
12,8,934,429,120,67,-1,-1,-1,-1
12,9,0,479,37,52,-1,-1,-1,-1
12,10,1174,189,59,28,-1,-1,-1,-1
12,11,24,210,59,29,-1,-1,-1,-1
12,12,666,307,77,39,-1,-1,-1,-1
12,13,874,182,30,24,-1,-1,-1,-1
12,14,1014,395,164,91,-1,-1,-1,-1
12,15,0,323,105,56,-1,-1,-1,-1
12,25,311,290,71,30,-1,-1,-1,-1
12,26,387,313,73,31,-1,-1,-1,-1
13,1,23,368,347,177,-1,-1,-1,-1
13,2,590,513,130,71,-1,-1,-1,-1
13,3,185,552,132,73,-1,-1,-1,-1
13,5,908,313,55,38,-1,-1,-1,-1
13,6,792,296,59,41,-1,-1,-1,-1
13,7,1043,267,68,41,-1,-1,-1,-1
13,8,929,427,118,66,-1,-1,-1,-1
13,9,0,479,37,51,-1,-1,-1,-1
13,10,1174,188,59,29,-1,-1,-1,-1
13,11,25,211,57,28,-1,-1,-1,-1
13,12,662,305,77,39,-1,-1,-1,-1
13,13,874,183,29,23,-1,-1,-1,-1
13,14,1011,394,159,87,-1,-1,-1,-1
13,15,0,325,99,55,-1,-1,-1,-1
13,25,307,291,70,29,-1,-1,-1,-1
13,26,382,314,74,31,-1,-1,-1,-1
14,1,23,368,347,177,-1,-1,-1,-1
14,2,596,513,131,71,-1,-1,-1,-1
14,3,193,550,134,73,-1,-1,-1,-1
14,5,906,312,53,37,-1,-1,-1,-1
14,6,788,293,58,41,-1,-1,-1,-1
14,7,1045,267,68,41,-1,-1,-1,-1
14,8,924,425,114,63,-1,-1,-1,-1
14,9,0,479,37,51,-1,-1,-1,-1
14,10,1173,188,61,29,-1,-1,-1,-1
14,11,25,211,57,28,-1,-1,-1,-1
14,12,658,304,78,39,-1,-1,-1,-1
14,13,875,182,30,23,-1,-1,-1,-1
14,14,1007,392,155,85,-1,-1,-1,-1
14,15,0,326,96,55,-1,-1,-1,-1
14,25,301,290,74,31,-1,-1,-1,-1
14,26,376,314,76,32,-1,-1,-1,-1
15,1,23,368,347,177,-1,-1,-1,-1
15,2,602,514,132,72,-1,-1,-1,-1
15,3,204,548,133,73,-1,-1,-1,-1
15,5,905,311,52,37,-1,-1,-1,-1
15,6,785,291,59,41,-1,-1,-1,-1
15,7,1049,266,67,41,-1,-1,-1,-1
15,8,918,422,114,63,-1,-1,-1,-1
15,9,0,479,37,52,-1,-1,-1,-1
15,10,1173,188,61,29,-1,-1,-1,-1
15,11,24,211,59,28,-1,-1,-1,-1
15,12,654,303,77,39,-1,-1,-1,-1
15,13,876,180,30,24,-1,-1,-1,-1
15,14,996,394,147,80,-1,-1,-1,-1
15,15,0,327,91,54,-1,-1,-1,-1
15,25,296,291,75,31,-1,-1,-1,-1
15,26,372,314,76,32,-1,-1,-1,-1
16,1,23,368,347,177,-1,-1,-1,-1
16,2,607,514,135,73,-1,-1,-1,-1
16,3,213,546,133,73,-1,-1,-1,-1
16,5,903,310,51,35,-1,-1,-1,-1
16,6,784,290,57,40,-1,-1,-1,-1
16,7,1051,265,67,41,-1,-1,-1,-1
16,8,912,419,114,63,-1,-1,-1,-1
16,9,0,479,37,52,-1,-1,-1,-1
16,10,1173,188,61,29,-1,-1,-1,-1
16,11,24,210,59,29,-1,-1,-1,-1
16,12,651,303,75,38,-1,-1,-1,-1
16,13,877,178,32,24,-1,-1,-1,-1
16,14,984,393,145,79,-1,-1,-1,-1
16,15,0,328,85,53,-1,-1,-1,-1
16,25,291,292,76,31,-1,-1,-1,-1
16,26,365,315,77,32,-1,-1,-1,-1
17,1,23,368,347,177,-1,-1,-1,-1
17,2,613,514,137,75,-1,-1,-1,-1
17,3,221,544,134,73,-1,-1,-1,-1
17,5,900,307,51,37,-1,-1,-1,-1
17,6,781,289,57,40,-1,-1,-1,-1
17,8,905,416,115,63,-1,-1,-1,-1
17,9,0,479,37,51,-1,-1,-1,-1
17,10,1173,188,61,29,-1,-1,-1,-1
17,11,23,210,60,29,-1,-1,-1,-1
17,12,649,303,74,37,-1,-1,-1,-1
17,13,878,177,31,24,-1,-1,-1,-1
17,14,977,391,144,78,-1,-1,-1,-1
17,15,0,329,81,53,-1,-1,-1,-1
17,25,287,293,75,30,-1,-1,-1,-1
17,26,360,314,80,33,-1,-1,-1,-1
18,1,23,368,347,177,-1,-1,-1,-1
18,2,619,515,137,75,-1,-1,-1,-1
18,3,230,542,134,74,-1,-1,-1,-1
18,5,899,306,50,36,-1,-1,-1,-1
18,6,780,287,54,39,-1,-1,-1,-1
18,8,901,414,112,62,-1,-1,-1,-1
18,9,0,479,36,51,-1,-1,-1,-1
18,10,1173,188,61,29,-1,-1,-1,-1
18,11,23,210,61,29,-1,-1,-1,-1
18,12,647,303,71,36,-1,-1,-1,-1
18,13,879,176,31,25,-1,-1,-1,-1
18,14,971,388,142,77,-1,-1,-1,-1
18,25,282,293,76,30,-1,-1,-1,-1
18,26,354,314,80,33,-1,-1,-1,-1
19,1,24,368,345,176,-1,-1,-1,-1
19,2,625,516,137,76,-1,-1,-1,-1
19,3,238,540,135,74,-1,-1,-1,-1
19,5,898,305,49,35,-1,-1,-1,-1
19,6,780,285,52,38,-1,-1,-1,-1
19,8,894,411,112,62,-1,-1,-1,-1
19,9,0,479,36,51,-1,-1,-1,-1
19,10,1173,188,61,29,-1,-1,-1,-1
19,11,23,210,61,29,-1,-1,-1,-1
19,12,642,303,72,35,-1,-1,-1,-1
19,13,880,175,31,25,-1,-1,-1,-1
19,14,965,386,140,76,-1,-1,-1,-1
19,25,276,292,76,31,-1,-1,-1,-1
19,26,349,315,79,34,-1,-1,-1,-1
19,27,229,478,147,66,-1,-1,-1,-1
20,1,24,368,345,176,-1,-1,-1,-1
20,2,632,517,136,76,-1,-1,-1,-1
20,3,247,540,134,73,-1,-1,-1,-1
20,5,895,303,49,35,-1,-1,-1,-1
20,6,779,284,52,37,-1,-1,-1,-1
20,8,890,409,109,60,-1,-1,-1,-1
20,9,0,479,36,51,-1,-1,-1,-1
20,10,1174,188,59,29,-1,-1,-1,-1
20,11,23,211,61,29,-1,-1,-1,-1
20,12,638,302,72,35,-1,-1,-1,-1
20,13,880,175,31,25,-1,-1,-1,-1
20,14,959,384,138,75,-1,-1,-1,-1
20,25,271,293,78,31,-1,-1,-1,-1
20,26,344,315,82,34,-1,-1,-1,-1
20,27,229,478,147,66,-1,-1,-1,-1
20,28,1062,386,90,59,-1,-1,-1,-1
20,29,7,689,63,30,-1,-1,-1,-1
21,1,24,368,345,175,-1,-1,-1,-1
21,2,638,519,137,76,-1,-1,-1,-1
21,3,256,538,132,73,-1,-1,-1,-1
21,5,894,302,47,34,-1,-1,-1,-1
21,6,778,283,51,36,-1,-1,-1,-1
21,7,1071,262,66,39,-1,-1,-1,-1
21,8,884,406,110,61,-1,-1,-1,-1
21,9,0,479,36,51,-1,-1,-1,-1
21,10,1174,188,59,29,-1,-1,-1,-1
21,11,24,211,59,29,-1,-1,-1,-1
21,12,635,301,71,35,-1,-1,-1,-1
21,13,881,174,31,25,-1,-1,-1,-1
21,14,952,382,138,75,-1,-1,-1,-1
21,25,268,294,78,31,-1,-1,-1,-1
21,26,344,315,78,34,-1,-1,-1,-1
21,28,1057,385,90,59,-1,-1,-1,-1
21,29,12,689,61,29,-1,-1,-1,-1
22,1,24,368,345,176,-1,-1,-1,-1
22,2,643,519,141,79,-1,-1,-1,-1
22,3,266,538,130,71,-1,-1,-1,-1
22,5,893,302,46,33,-1,-1,-1,-1
22,6,775,281,52,37,-1,-1,-1,-1
22,7,1074,261,66,39,-1,-1,-1,-1
22,8,879,405,109,60,-1,-1,-1,-1
22,9,0,479,36,52,-1,-1,-1,-1
22,10,1174,188,59,29,-1,-1,-1,-1
22,11,23,211,61,29,-1,-1,-1,-1
22,12,632,300,71,35,-1,-1,-1,-1
22,13,882,174,31,24,-1,-1,-1,-1
22,14,947,380,135,74,-1,-1,-1,-1
22,25,261,294,78,31,-1,-1,-1,-1
22,26,342,315,77,33,-1,-1,-1,-1
22,28,1051,385,88,56,-1,-1,-1,-1
22,29,16,689,60,28,-1,-1,-1,-1
23,1,24,368,345,175,-1,-1,-1,-1
23,2,649,520,141,80,-1,-1,-1,-1
23,3,274,536,130,71,-1,-1,-1,-1
23,5,893,300,46,33,-1,-1,-1,-1
23,6,773,278,53,39,-1,-1,-1,-1
23,7,1078,260,66,39,-1,-1,-1,-1
23,8,873,403,108,60,-1,-1,-1,-1
23,9,0,479,36,51,-1,-1,-1,-1
23,10,1174,188,59,29,-1,-1,-1,-1
23,11,24,211,59,29,-1,-1,-1,-1
23,12,628,299,70,35,-1,-1,-1,-1
23,13,883,173,30,25,-1,-1,-1,-1
23,14,943,378,131,72,-1,-1,-1,-1
23,25,255,295,80,31,-1,-1,-1,-1
23,26,340,315,75,33,-1,-1,-1,-1
23,28,1049,384,86,55,-1,-1,-1,-1
23,31,0,336,43,45,-1,-1,-1,-1
24,1,24,369,345,175,-1,-1,-1,-1
24,2,657,521,141,80,-1,-1,-1,-1
24,3,283,535,129,70,-1,-1,-1,-1
24,5,891,298,47,33,-1,-1,-1,-1
24,6,772,276,53,39,-1,-1,-1,-1
24,7,1081,259,66,39,-1,-1,-1,-1
24,8,869,400,106,59,-1,-1,-1,-1
24,9,0,479,37,52,-1,-1,-1,-1
24,10,1174,188,59,29,-1,-1,-1,-1
24,11,24,212,59,28,-1,-1,-1,-1
24,12,624,299,71,33,-1,-1,-1,-1
24,14,938,375,129,71,-1,-1,-1,-1
24,25,251,295,81,32,-1,-1,-1,-1
24,26,334,315,76,34,-1,-1,-1,-1
24,28,1048,382,85,55,-1,-1,-1,-1
24,31,0,336,42,45,-1,-1,-1,-1
25,1,24,369,345,175,-1,-1,-1,-1
25,2,663,522,142,81,-1,-1,-1,-1
25,3,292,534,128,69,-1,-1,-1,-1
25,5,889,295,47,34,-1,-1,-1,-1
25,6,770,273,53,39,-1,-1,-1,-1
25,8,864,398,106,58,-1,-1,-1,-1
25,9,0,479,37,51,-1,-1,-1,-1
25,10,1174,188,59,29,-1,-1,-1,-1
25,11,23,211,60,28,-1,-1,-1,-1
25,12,620,298,71,34,-1,-1,-1,-1
25,14,930,369,132,73,-1,-1,-1,-1
25,25,248,295,79,31,-1,-1,-1,-1
25,26,323,315,80,35,-1,-1,-1,-1
25,28,1046,380,85,55,-1,-1,-1,-1
26,1,24,369,345,175,-1,-1,-1,-1
26,2,668,523,143,82,-1,-1,-1,-1
26,3,301,534,127,68,-1,-1,-1,-1
26,5,887,292,49,35,-1,-1,-1,-1
26,6,769,271,51,38,-1,-1,-1,-1
26,8,859,396,105,57,-1,-1,-1,-1
26,9,0,479,37,51,-1,-1,-1,-1
26,10,1174,188,59,29,-1,-1,-1,-1
26,11,22,210,62,29,-1,-1,-1,-1
26,12,617,297,71,34,-1,-1,-1,-1
26,14,924,366,131,73,-1,-1,-1,-1
26,25,242,296,79,31,-1,-1,-1,-1
26,26,317,315,81,36,-1,-1,-1,-1
26,28,1042,378,85,55,-1,-1,-1,-1
27,1,24,369,345,175,-1,-1,-1,-1
27,2,675,524,143,83,-1,-1,-1,-1
27,3,310,532,126,68,-1,-1,-1,-1
27,5,885,290,49,35,-1,-1,-1,-1
27,6,769,270,48,36,-1,-1,-1,-1
27,8,853,393,105,58,-1,-1,-1,-1
27,9,0,479,37,51,-1,-1,-1,-1
27,10,1174,188,59,29,-1,-1,-1,-1
27,11,23,211,60,28,-1,-1,-1,-1
27,12,613,296,73,34,-1,-1,-1,-1
27,14,918,364,132,74,-1,-1,-1,-1
27,25,236,296,80,32,-1,-1,-1,-1
27,26,311,316,80,35,-1,-1,-1,-1
27,28,1037,377,86,55,-1,-1,-1,-1
28,1,24,369,345,175,-1,-1,-1,-1
28,2,681,525,144,84,-1,-1,-1,-1
28,3,319,530,125,68,-1,-1,-1,-1
28,5,884,289,46,34,-1,-1,-1,-1
28,6,769,269,46,34,-1,-1,-1,-1
28,8,848,391,104,58,-1,-1,-1,-1
28,9,0,479,37,52,-1,-1,-1,-1
28,10,1174,188,59,29,-1,-1,-1,-1
28,11,24,211,60,28,-1,-1,-1,-1
28,12,609,296,73,34,-1,-1,-1,-1
28,14,913,362,131,74,-1,-1,-1,-1
28,25,232,297,81,32,-1,-1,-1,-1
28,26,305,316,81,36,-1,-1,-1,-1
28,28,1033,376,86,55,-1,-1,-1,-1
29,1,24,369,345,176,-1,-1,-1,-1
29,2,688,527,145,85,-1,-1,-1,-1
29,3,326,529,126,67,-1,-1,-1,-1
29,5,882,287,46,35,-1,-1,-1,-1
29,6,769,268,44,33,-1,-1,-1,-1
29,7,1095,256,72,41,-1,-1,-1,-1
29,8,843,388,104,58,-1,-1,-1,-1
29,9,0,479,37,51,-1,-1,-1,-1
29,10,1174,188,59,29,-1,-1,-1,-1
29,11,25,211,59,28,-1,-1,-1,-1
29,12,606,296,70,33,-1,-1,-1,-1
29,14,909,359,128,73,-1,-1,-1,-1
29,25,227,296,84,33,-1,-1,-1,-1
29,26,299,316,82,36,-1,-1,-1,-1
29,28,1027,375,85,54,-1,-1,-1,-1
30,1,24,369,345,176,-1,-1,-1,-1
30,2,694,528,146,86,-1,-1,-1,-1
30,3,332,527,129,69,-1,-1,-1,-1
30,5,880,286,46,34,-1,-1,-1,-1
30,6,769,267,43,33,-1,-1,-1,-1
30,7,1098,254,73,43,-1,-1,-1,-1
30,8,838,385,103,58,-1,-1,-1,-1
30,9,0,479,37,51,-1,-1,-1,-1
30,10,1174,188,59,29,-1,-1,-1,-1
30,11,25,212,59,27,-1,-1,-1,-1
30,12,602,294,70,33,-1,-1,-1,-1
30,14,904,358,126,72,-1,-1,-1,-1
30,25,222,297,83,33,-1,-1,-1,-1
30,26,295,317,80,36,-1,-1,-1,-1
30,28,1023,374,85,54,-1,-1,-1,-1
31,1,24,369,345,176,-1,-1,-1,-1
31,2,700,529,148,88,-1,-1,-1,-1
31,3,342,527,126,67,-1,-1,-1,-1
31,5,880,285,45,33,-1,-1,-1,-1
31,6,768,265,43,34,-1,-1,-1,-1
31,7,1102,253,71,42,-1,-1,-1,-1
31,8,834,384,100,56,-1,-1,-1,-1
31,9,0,479,37,51,-1,-1,-1,-1
31,10,1174,188,59,29,-1,-1,-1,-1
31,11,25,212,59,27,-1,-1,-1,-1
31,12,597,294,72,33,-1,-1,-1,-1
31,14,899,355,126,73,-1,-1,-1,-1
31,25,216,297,86,33,-1,-1,-1,-1
31,26,288,318,83,36,-1,-1,-1,-1
31,28,1020,373,86,54,-1,-1,-1,-1
32,1,24,368,345,177,-1,-1,-1,-1
32,2,707,531,148,88,-1,-1,-1,-1
32,3,350,526,127,68,-1,-1,-1,-1
32,5,879,283,46,34,-1,-1,-1,-1
32,6,768,264,42,33,-1,-1,-1,-1
32,7,1105,252,72,42,-1,-1,-1,-1
32,8,830,383,98,54,-1,-1,-1,-1
32,9,0,479,37,51,-1,-1,-1,-1
32,10,1174,188,59,29,-1,-1,-1,-1
32,11,24,212,60,27,-1,-1,-1,-1
32,12,594,293,71,33,-1,-1,-1,-1
32,14,896,354,123,71,-1,-1,-1,-1
32,25,210,297,87,34,-1,-1,-1,-1
32,26,282,318,85,37,-1,-1,-1,-1
32,28,1019,372,84,53,-1,-1,-1,-1
33,1,24,368,345,177,-1,-1,-1,-1
33,2,714,533,147,88,-1,-1,-1,-1
33,3,357,525,128,68,-1,-1,-1,-1
33,5,877,282,45,33,-1,-1,-1,-1
33,6,768,262,42,33,-1,-1,-1,-1
33,8,824,381,99,55,-1,-1,-1,-1
33,9,0,479,37,51,-1,-1,-1,-1
33,10,1174,188,59,29,-1,-1,-1,-1
33,11,23,212,61,27,-1,-1,-1,-1
33,12,591,292,70,33,-1,-1,-1,-1
33,14,892,352,121,70,-1,-1,-1,-1
33,25,205,297,89,35,-1,-1,-1,-1
33,26,275,318,88,39,-1,-1,-1,-1
33,28,1016,370,84,53,-1,-1,-1,-1
34,1,24,368,345,177,-1,-1,-1,-1
34,2,720,534,149,90,-1,-1,-1,-1
34,3,366,524,125,67,-1,-1,-1,-1
34,5,876,280,44,33,-1,-1,-1,-1
34,6,767,259,43,35,-1,-1,-1,-1
34,8,821,378,97,55,-1,-1,-1,-1
34,9,0,479,37,51,-1,-1,-1,-1
34,10,1174,188,59,29,-1,-1,-1,-1
34,11,24,212,61,27,-1,-1,-1,-1
34,12,586,290,73,34,-1,-1,-1,-1
34,14,889,350,115,67,-1,-1,-1,-1
34,25,201,298,87,35,-1,-1,-1,-1
34,26,271,319,88,39,-1,-1,-1,-1
34,28,1013,369,84,53,-1,-1,-1,-1
35,1,24,368,345,177,-1,-1,-1,-1
35,2,726,536,150,91,-1,-1,-1,-1
35,3,375,523,123,65,-1,-1,-1,-1
35,5,874,278,44,33,-1,-1,-1,-1
35,6,767,258,42,34,-1,-1,-1,-1
35,8,817,377,96,54,-1,-1,-1,-1
35,9,0,479,37,51,-1,-1,-1,-1
35,10,1174,188,59,29,-1,-1,-1,-1
35,11,23,212,61,27,-1,-1,-1,-1
35,12,580,289,76,35,-1,-1,-1,-1
35,14,884,348,114,67,-1,-1,-1,-1
35,25,195,299,88,34,-1,-1,-1,-1
35,26,269,320,85,38,-1,-1,-1,-1
35,28,1008,367,85,53,-1,-1,-1,-1
35,29,60,683,78,35,-1,-1,-1,-1
35,43,1244,504,26,47,-1,-1,-1,-1
36,1,24,368,345,177,-1,-1,-1,-1
36,2,733,537,151,93,-1,-1,-1,-1
36,3,383,522,124,66,-1,-1,-1,-1
36,5,874,277,42,31,-1,-1,-1,-1
36,6,766,256,42,34,-1,-1,-1,-1
36,8,815,375,94,54,-1,-1,-1,-1
36,9,0,479,37,51,-1,-1,-1,-1
36,10,1174,188,59,29,-1,-1,-1,-1
36,11,22,211,63,28,-1,-1,-1,-1
36,12,576,289,76,35,-1,-1,-1,-1
36,14,880,346,114,67,-1,-1,-1,-1
36,25,191,300,87,34,-1,-1,-1,-1
36,26,259,320,87,39,-1,-1,-1,-1
36,28,1005,366,86,53,-1,-1,-1,-1
36,29,63,681,82,38,-1,-1,-1,-1
36,43,1237,499,28,50,-1,-1,-1,-1
37,1,24,368,345,177,-1,-1,-1,-1
37,2,740,539,152,94,-1,-1,-1,-1
37,3,391,522,122,64,-1,-1,-1,-1
37,5,874,276,41,31,-1,-1,-1,-1
37,6,767,255,40,33,-1,-1,-1,-1
37,8,812,372,93,53,-1,-1,-1,-1
37,9,0,479,37,51,-1,-1,-1,-1
37,10,1175,188,57,29,-1,-1,-1,-1
37,11,22,210,63,29,-1,-1,-1,-1
37,12,573,289,75,34,-1,-1,-1,-1
37,14,877,344,112,66,-1,-1,-1,-1
37,25,187,301,86,33,-1,-1,-1,-1
37,26,254,320,86,39,-1,-1,-1,-1
37,28,1001,363,89,55,-1,-1,-1,-1
37,29,64,678,87,41,-1,-1,-1,-1
37,43,1230,493,31,53,-1,-1,-1,-1
38,1,24,368,345,177,-1,-1,-1,-1
38,2,748,542,151,93,-1,-1,-1,-1
38,3,398,521,123,65,-1,-1,-1,-1
38,5,872,274,41,31,-1,-1,-1,-1
38,6,767,254,39,32,-1,-1,-1,-1
38,8,807,370,93,53,-1,-1,-1,-1
38,9,0,479,37,51,-1,-1,-1,-1
38,10,1175,188,57,29,-1,-1,-1,-1
38,11,22,211,62,28,-1,-1,-1,-1
38,12,570,288,73,34,-1,-1,-1,-1
38,14,873,342,111,66,-1,-1,-1,-1
38,25,183,302,85,33,-1,-1,-1,-1
38,26,248,320,89,41,-1,-1,-1,-1
38,28,1000,363,87,53,-1,-1,-1,-1
38,29,68,677,88,42,-1,-1,-1,-1
38,43,1223,487,35,57,-1,-1,-1,-1
39,1,24,368,345,177,-1,-1,-1,-1
39,2,756,544,151,94,-1,-1,-1,-1
39,3,405,520,124,65,-1,-1,-1,-1
39,5,870,273,42,31,-1,-1,-1,-1
39,6,767,253,38,32,-1,-1,-1,-1
39,8,804,368,91,53,-1,-1,-1,-1
39,9,0,479,37,51,-1,-1,-1,-1
39,10,1174,188,59,29,-1,-1,-1,-1
39,11,23,211,61,28,-1,-1,-1,-1
39,12,565,288,73,33,-1,-1,-1,-1
39,14,869,341,109,65,-1,-1,-1,-1
39,25,178,302,85,33,-1,-1,-1,-1
39,26,242,321,89,40,-1,-1,-1,-1
39,28,997,361,88,54,-1,-1,-1,-1
39,43,1216,483,41,61,-1,-1,-1,-1
40,1,24,368,345,177,-1,-1,-1,-1
40,2,763,546,152,95,-1,-1,-1,-1
40,3,413,520,123,64,-1,-1,-1,-1
40,5,869,272,42,32,-1,-1,-1,-1
40,6,767,252,38,32,-1,-1,-1,-1
40,8,800,365,92,54,-1,-1,-1,-1
40,9,0,479,37,51,-1,-1,-1,-1
40,10,1174,188,59,29,-1,-1,-1,-1
40,11,23,212,60,27,-1,-1,-1,-1
40,12,562,288,73,33,-1,-1,-1,-1
40,14,866,339,107,64,-1,-1,-1,-1
40,25,172,303,86,33,-1,-1,-1,-1
40,26,237,321,89,41,-1,-1,-1,-1
40,28,996,360,86,53,-1,-1,-1,-1
40,43,1206,479,51,72,-1,-1,-1,-1
41,1,24,368,345,177,-1,-1,-1,-1
41,2,770,549,153,96,-1,-1,-1,-1
41,3,421,520,121,63,-1,-1,-1,-1
41,5,868,271,42,31,-1,-1,-1,-1
41,6,767,250,38,33,-1,-1,-1,-1
41,7,1137,245,67,38,-1,-1,-1,-1
41,8,796,364,90,53,-1,-1,-1,-1
41,9,0,479,37,51,-1,-1,-1,-1
41,10,1174,188,59,29,-1,-1,-1,-1
41,11,23,212,61,28,-1,-1,-1,-1
41,12,559,287,71,33,-1,-1,-1,-1
41,14,863,337,106,64,-1,-1,-1,-1
41,25,168,303,85,33,-1,-1,-1,-1
41,26,231,322,89,41,-1,-1,-1,-1
41,28,993,359,86,53,-1,-1,-1,-1
41,43,1196,474,60,80,-1,-1,-1,-1
42,1,24,368,345,177,-1,-1,-1,-1
42,2,776,550,156,98,-1,-1,-1,-1
42,3,429,520,121,63,-1,-1,-1,-1
42,5,868,269,41,32,-1,-1,-1,-1
42,6,767,249,37,31,-1,-1,-1,-1
42,7,1138,243,70,39,-1,-1,-1,-1
42,8,793,363,88,52,-1,-1,-1,-1
42,9,0,479,37,51,-1,-1,-1,-1
42,10,1174,188,59,29,-1,-1,-1,-1
42,11,23,212,61,28,-1,-1,-1,-1
42,12,555,287,71,32,-1,-1,-1,-1
42,14,858,335,106,63,-1,-1,-1,-1
42,25,161,303,89,35,-1,-1,-1,-1
42,26,226,324,88,40,-1,-1,-1,-1
42,28,992,358,85,52,-1,-1,-1,-1
42,43,1189,471,65,84,-1,-1,-1,-1
43,1,24,368,345,177,-1,-1,-1,-1
43,2,786,555,153,97,-1,-1,-1,-1
43,3,436,520,121,62,-1,-1,-1,-1
43,5,867,268,41,32,-1,-1,-1,-1
43,6,768,248,36,31,-1,-1,-1,-1
43,7,1139,243,70,38,-1,-1,-1,-1
43,8,794,362,83,51,-1,-1,-1,-1
43,9,0,479,37,51,-1,-1,-1,-1
43,10,1174,188,59,29,-1,-1,-1,-1
43,11,22,211,63,28,-1,-1,-1,-1
43,12,551,287,72,32,-1,-1,-1,-1
43,14,855,333,105,63,-1,-1,-1,-1
43,25,156,303,89,35,-1,-1,-1,-1
43,26,221,325,86,39,-1,-1,-1,-1
43,28,990,357,84,52,-1,-1,-1,-1
43,29,76,674,93,45,-1,-1,-1,-1
43,43,1180,466,72,85,-1,-1,-1,-1
44,1,24,368,345,177,-1,-1,-1,-1
44,2,793,557,156,99,-1,-1,-1,-1
44,3,443,520,119,62,-1,-1,-1,-1
44,5,866,266,41,32,-1,-1,-1,-1
44,6,768,246,36,32,-1,-1,-1,-1
44,7,1141,242,72,39,-1,-1,-1,-1
44,8,796,361,79,49,-1,-1,-1,-1
44,9,0,479,37,51,-1,-1,-1,-1
44,10,1174,188,59,29,-1,-1,-1,-1
44,11,22,210,63,29,-1,-1,-1,-1
44,12,545,286,75,33,-1,-1,-1,-1
44,14,851,330,104,63,-1,-1,-1,-1
44,25,150,304,91,36,-1,-1,-1,-1
44,26,215,326,86,40,-1,-1,-1,-1
44,28,988,355,85,53,-1,-1,-1,-1
44,29,79,674,94,45,-1,-1,-1,-1
44,43,1172,457,79,89,-1,-1,-1,-1
45,1,25,369,343,175,-1,-1,-1,-1
45,2,801,559,158,101,-1,-1,-1,-1
45,3,447,519,120,63,-1,-1,-1,-1
45,5,864,263,42,33,-1,-1,-1,-1
45,6,768,244,35,31,-1,-1,-1,-1
45,7,1146,241,71,39,-1,-1,-1,-1
45,8,785,358,81,51,-1,-1,-1,-1
45,9,0,479,38,52,-1,-1,-1,-1
45,10,1174,188,59,29,-1,-1,-1,-1
45,11,22,210,63,29,-1,-1,-1,-1
45,12,542,286,73,32,-1,-1,-1,-1
45,14,848,328,102,63,-1,-1,-1,-1
45,25,145,305,91,36,-1,-1,-1,-1
45,26,209,327,87,40,-1,-1,-1,-1
45,28,986,354,84,52,-1,-1,-1,-1
45,43,1165,454,85,88,-1,-1,-1,-1
46,1,25,369,343,175,-1,-1,-1,-1
46,2,808,560,160,103,-1,-1,-1,-1
46,3,457,519,120,63,-1,-1,-1,-1
46,5,864,262,41,33,-1,-1,-1,-1
46,6,769,243,34,31,-1,-1,-1,-1
46,7,1151,241,71,38,-1,-1,-1,-1
46,8,778,357,80,50,-1,-1,-1,-1
46,9,0,479,38,52,-1,-1,-1,-1
46,10,1174,188,59,29,-1,-1,-1,-1
46,11,22,210,63,29,-1,-1,-1,-1
46,12,539,286,73,32,-1,-1,-1,-1
46,14,845,327,102,63,-1,-1,-1,-1
46,25,139,305,94,37,-1,-1,-1,-1
46,26,203,328,87,40,-1,-1,-1,-1
46,28,985,352,84,53,-1,-1,-1,-1
46,43,1155,448,91,89,-1,-1,-1,-1
47,1,25,369,343,175,-1,-1,-1,-1
47,2,816,562,162,105,-1,-1,-1,-1
47,3,468,519,118,62,-1,-1,-1,-1
47,5,864,261,39,32,-1,-1,-1,-1
47,6,769,242,34,30,-1,-1,-1,-1
47,7,1156,240,70,38,-1,-1,-1,-1
47,8,772,355,81,50,-1,-1,-1,-1
47,9,0,479,38,52,-1,-1,-1,-1
47,10,1174,188,59,29,-1,-1,-1,-1
47,11,22,210,64,29,-1,-1,-1,-1
47,12,534,285,75,33,-1,-1,-1,-1
47,14,840,325,102,63,-1,-1,-1,-1
47,25,137,305,92,37,-1,-1,-1,-1
47,26,198,328,87,41,-1,-1,-1,-1
47,28,985,352,82,51,-1,-1,-1,-1
47,43,1146,446,93,86,-1,-1,-1,-1
48,1,25,369,343,175,-1,-1,-1,-1
48,2,824,565,162,106,-1,-1,-1,-1
48,3,476,520,118,61,-1,-1,-1,-1
48,5,863,260,38,31,-1,-1,-1,-1
48,6,769,241,33,30,-1,-1,-1,-1
48,7,1159,239,71,38,-1,-1,-1,-1
48,8,766,353,83,51,-1,-1,-1,-1
48,9,0,480,37,52,-1,-1,-1,-1
48,10,1174,188,59,29,-1,-1,-1,-1
48,11,24,211,61,28,-1,-1,-1,-1
48,12,530,285,75,33,-1,-1,-1,-1
48,14,838,323,100,63,-1,-1,-1,-1
48,25,137,306,89,37,-1,-1,-1,-1
48,26,193,330,85,39,-1,-1,-1,-1
48,28,984,350,82,52,-1,-1,-1,-1
48,43,1137,447,93,81,-1,-1,-1,-1
49,1,25,369,343,175,-1,-1,-1,-1
49,2,834,568,161,106,-1,-1,-1,-1
49,3,481,520,121,62,-1,-1,-1,-1
49,5,862,258,38,31,-1,-1,-1,-1
49,6,769,240,33,30,-1,-1,-1,-1
49,7,1164,238,69,37,-1,-1,-1,-1
49,8,762,351,83,51,-1,-1,-1,-1
49,9,0,479,37,52,-1,-1,-1,-1
49,10,1174,188,59,29,-1,-1,-1,-1
49,11,24,211,61,28,-1,-1,-1,-1
49,12,528,285,73,31,-1,-1,-1,-1
49,14,835,321,98,62,-1,-1,-1,-1
49,25,135,307,85,35,-1,-1,-1,-1
49,26,187,331,85,39,-1,-1,-1,-1
49,28,982,349,82,52,-1,-1,-1,-1
49,43,1127,445,94,79,-1,-1,-1,-1
50,1,25,369,343,175,-1,-1,-1,-1
50,2,842,572,164,107,-1,-1,-1,-1
50,3,489,519,121,63,-1,-1,-1,-1
50,5,862,257,37,31,-1,-1,-1,-1
50,6,769,238,33,30,-1,-1,-1,-1
50,7,1167,237,69,37,-1,-1,-1,-1
50,8,759,350,82,50,-1,-1,-1,-1
50,9,0,479,37,52,-1,-1,-1,-1
50,10,1174,188,59,29,-1,-1,-1,-1
50,11,24,212,61,27,-1,-1,-1,-1
50,12,523,285,74,32,-1,-1,-1,-1
50,14,833,319,98,63,-1,-1,-1,-1
50,25,124,308,88,36,-1,-1,-1,-1
50,26,181,332,86,40,-1,-1,-1,-1
50,28,981,348,81,51,-1,-1,-1,-1
50,43,1117,442,96,76,-1,-1,-1,-1
51,1,25,369,343,175,-1,-1,-1,-1
51,2,849,574,168,111,-1,-1,-1,-1
51,3,495,519,123,63,-1,-1,-1,-1
51,5,860,255,38,32,-1,-1,-1,-1
51,6,770,237,31,29,-1,-1,-1,-1
51,7,1171,236,69,37,-1,-1,-1,-1
51,8,756,350,80,48,-1,-1,-1,-1
51,9,0,479,37,51,-1,-1,-1,-1
51,10,1174,188,59,29,-1,-1,-1,-1
51,11,24,212,61,27,-1,-1,-1,-1
51,12,519,285,73,31,-1,-1,-1,-1
51,14,830,317,96,62,-1,-1,-1,-1
51,25,118,309,87,36,-1,-1,-1,-1
51,26,174,332,88,41,-1,-1,-1,-1
51,28,981,348,78,49,-1,-1,-1,-1
51,43,1106,438,99,75,-1,-1,-1,-1
51,50,124,655,79,45,-1,-1,-1,-1
52,1,25,369,343,175,-1,-1,-1,-1
52,2,858,577,168,112,-1,-1,-1,-1
52,3,502,518,125,64,-1,-1,-1,-1
52,5,860,254,37,31,-1,-1,-1,-1
52,6,770,235,31,29,-1,-1,-1,-1
52,7,1175,236,67,36,-1,-1,-1,-1
52,8,753,348,79,48,-1,-1,-1,-1
52,9,0,479,37,51,-1,-1,-1,-1
52,10,1174,188,59,29,-1,-1,-1,-1
52,11,24,212,61,27,-1,-1,-1,-1
52,12,515,284,73,31,-1,-1,-1,-1
52,14,827,316,95,61,-1,-1,-1,-1
52,25,111,309,89,37,-1,-1,-1,-1
52,26,167,333,90,42,-1,-1,-1,-1
52,28,980,347,78,50,-1,-1,-1,-1
52,43,1097,437,99,72,-1,-1,-1,-1
52,50,128,653,81,47,-1,-1,-1,-1
53,1,25,369,343,175,-1,-1,-1,-1
53,2,866,580,170,113,-1,-1,-1,-1
53,3,510,519,125,64,-1,-1,-1,-1
53,5,860,254,36,30,-1,-1,-1,-1
53,6,771,234,31,29,-1,-1,-1,-1
53,7,1178,235,66,35,-1,-1,-1,-1
53,8,751,346,78,48,-1,-1,-1,-1
53,9,0,479,37,51,-1,-1,-1,-1
53,10,1174,188,59,29,-1,-1,-1,-1
53,11,24,212,61,27,-1,-1,-1,-1
53,12,512,285,71,30,-1,-1,-1,-1
53,14,825,315,92,59,-1,-1,-1,-1
53,25,104,310,90,37,-1,-1,-1,-1
53,26,161,334,90,41,-1,-1,-1,-1
53,28,978,346,78,50,-1,-1,-1,-1
53,43,1087,434,101,72,-1,-1,-1,-1
53,50,133,653,78,46,-1,-1,-1,-1
53,51,8,614,28,56,-1,-1,-1,-1
54,1,25,369,343,175,-1,-1,-1,-1
54,2,875,583,170,114,-1,-1,-1,-1
54,3,517,521,125,64,-1,-1,-1,-1
54,5,859,251,36,31,-1,-1,-1,-1
54,6,773,233,31,29,-1,-1,-1,-1
54,7,1181,235,67,35,-1,-1,-1,-1
54,8,746,343,80,49,-1,-1,-1,-1
54,9,0,479,37,51,-1,-1,-1,-1
54,10,1174,188,59,29,-1,-1,-1,-1
54,11,23,211,63,28,-1,-1,-1,-1
54,12,508,285,71,30,-1,-1,-1,-1
54,14,823,313,91,59,-1,-1,-1,-1
54,25,100,310,90,37,-1,-1,-1,-1
54,26,156,335,89,41,-1,-1,-1,-1
54,28,978,345,76,49,-1,-1,-1,-1
54,43,1076,431,105,72,-1,-1,-1,-1
54,50,140,654,74,44,-1,-1,-1,-1
54,51,14,610,30,60,-1,-1,-1,-1
55,1,24,369,345,175,-1,-1,-1,-1
55,2,884,586,173,116,-1,-1,-1,-1
55,3,525,521,125,64,-1,-1,-1,-1
55,5,859,251,35,29,-1,-1,-1,-1
55,6,774,232,31,29,-1,-1,-1,-1
55,7,1185,234,66,35,-1,-1,-1,-1
55,8,742,341,81,49,-1,-1,-1,-1
55,9,0,479,37,51,-1,-1,-1,-1
55,10,1174,188,59,29,-1,-1,-1,-1
55,11,23,211,63,29,-1,-1,-1,-1
55,12,504,284,73,31,-1,-1,-1,-1
55,14,820,311,90,59,-1,-1,-1,-1
55,25,95,311,89,37,-1,-1,-1,-1
55,26,149,335,91,43,-1,-1,-1,-1
55,28,977,343,76,49,-1,-1,-1,-1
55,43,1068,428,105,71,-1,-1,-1,-1
55,50,143,651,76,45,-1,-1,-1,-1
55,51,18,605,34,64,-1,-1,-1,-1
56,1,24,369,345,175,-1,-1,-1,-1
56,2,894,590,173,116,-1,-1,-1,-1
56,3,532,522,125,64,-1,-1,-1,-1
56,5,859,249,34,29,-1,-1,-1,-1
56,6,774,231,31,28,-1,-1,-1,-1
56,7,1188,232,68,37,-1,-1,-1,-1
56,8,735,339,80,49,-1,-1,-1,-1
56,9,0,479,38,52,-1,-1,-1,-1
56,10,1174,188,59,29,-1,-1,-1,-1
56,11,22,211,64,29,-1,-1,-1,-1
56,12,501,285,70,29,-1,-1,-1,-1
56,14,818,310,88,58,-1,-1,-1,-1
56,25,90,312,89,38,-1,-1,-1,-1
56,26,147,336,87,41,-1,-1,-1,-1
56,28,976,342,76,49,-1,-1,-1,-1
56,43,1057,425,108,71,-1,-1,-1,-1
56,50,146,650,78,46,-1,-1,-1,-1
56,51,23,603,36,63,-1,-1,-1,-1
57,1,25,369,343,175,-1,-1,-1,-1
57,2,904,593,174,118,-1,-1,-1,-1
57,3,538,522,127,65,-1,-1,-1,-1
57,5,858,248,35,29,-1,-1,-1,-1
57,6,775,229,30,28,-1,-1,-1,-1
57,7,1191,231,69,37,-1,-1,-1,-1
57,8,730,337,80,50,-1,-1,-1,-1
57,9,0,479,37,51,-1,-1,-1,-1
57,10,1174,188,59,29,-1,-1,-1,-1
57,11,23,211,63,29,-1,-1,-1,-1
57,12,497,285,70,29,-1,-1,-1,-1
57,13,923,147,29,22,-1,-1,-1,-1
57,14,816,309,86,57,-1,-1,-1,-1
57,25,84,314,89,37,-1,-1,-1,-1
57,26,144,338,84,39,-1,-1,-1,-1
57,28,976,342,74,48,-1,-1,-1,-1
57,43,1047,422,110,71,-1,-1,-1,-1
57,50,151,648,77,46,-1,-1,-1,-1
57,51,26,600,42,66,-1,-1,-1,-1
58,1,25,369,343,175,-1,-1,-1,-1
58,2,914,598,175,118,-1,-1,-1,-1
58,3,544,522,128,66,-1,-1,-1,-1
58,5,858,247,33,29,-1,-1,-1,-1
58,7,1194,229,69,37,-1,-1,-1,-1
58,8,727,336,79,50,-1,-1,-1,-1
58,9,0,479,38,52,-1,-1,-1,-1
58,10,1174,188,59,29,-1,-1,-1,-1
58,11,23,211,63,29,-1,-1,-1,-1
58,12,492,285,72,29,-1,-1,-1,-1
58,13,924,146,29,22,-1,-1,-1,-1
58,14,814,307,85,57,-1,-1,-1,-1
58,25,79,315,89,37,-1,-1,-1,-1
58,26,132,338,89,42,-1,-1,-1,-1
58,28,976,341,73,48,-1,-1,-1,-1
58,43,1039,418,111,71,-1,-1,-1,-1
58,50,157,648,73,44,-1,-1,-1,-1
58,51,29,597,47,67,-1,-1,-1,-1
59,1,25,369,343,175,-1,-1,-1,-1
59,2,926,600,173,118,-1,-1,-1,-1
59,3,554,523,127,66,-1,-1,-1,-1
59,5,857,246,34,29,-1,-1,-1,-1
59,6,777,223,34,31,-1,-1,-1,-1
59,7,1197,228,69,37,-1,-1,-1,-1
59,8,725,334,77,49,-1,-1,-1,-1
59,9,0,479,38,52,-1,-1,-1,-1
59,10,1174,188,59,29,-1,-1,-1,-1
59,11,23,210,63,29,-1,-1,-1,-1
59,12,488,284,73,30,-1,-1,-1,-1
59,13,925,145,29,22,-1,-1,-1,-1
59,14,810,304,86,58,-1,-1,-1,-1
59,25,72,315,92,39,-1,-1,-1,-1
59,26,123,339,92,43,-1,-1,-1,-1
59,28,975,340,73,48,-1,-1,-1,-1
59,43,1031,416,110,69,-1,-1,-1,-1
59,50,161,649,72,43,-1,-1,-1,-1
59,51,30,594,55,72,-1,-1,-1,-1
60,1,25,369,344,176,-1,-1,-1,-1
60,2,940,605,168,114,-1,-1,-1,-1
60,3,559,524,130,67,-1,-1,-1,-1
60,5,857,244,34,29,-1,-1,-1,-1
60,6,778,222,33,30,-1,-1,-1,-1
60,7,1201,228,69,37,-1,-1,-1,-1
60,8,725,333,76,49,-1,-1,-1,-1
60,9,0,479,38,52,-1,-1,-1,-1
60,10,1174,188,59,29,-1,-1,-1,-1
60,11,22,210,65,29,-1,-1,-1,-1
60,12,483,284,73,30,-1,-1,-1,-1
60,13,927,144,27,21,-1,-1,-1,-1
60,14,808,302,84,57,-1,-1,-1,-1
60,25,66,316,93,39,-1,-1,-1,-1
60,26,117,340,92,43,-1,-1,-1,-1
60,28,974,339,72,48,-1,-1,-1,-1
60,43,1024,413,108,67,-1,-1,-1,-1
60,50,163,646,76,46,-1,-1,-1,-1
60,51,31,590,64,79,-1,-1,-1,-1
61,1,25,369,345,176,-1,-1,-1,-1
61,2,953,610,162,109,-1,-1,-1,-1
61,3,566,524,130,68,-1,-1,-1,-1
61,5,857,243,33,29,-1,-1,-1,-1
61,6,779,222,33,29,-1,-1,-1,-1
61,7,1205,227,67,37,-1,-1,-1,-1
61,8,722,332,76,48,-1,-1,-1,-1
61,9,0,480,38,52,-1,-1,-1,-1
61,10,1174,188,59,29,-1,-1,-1,-1
61,11,23,210,65,29,-1,-1,-1,-1
61,12,479,284,73,30,-1,-1,-1,-1
61,13,927,143,29,22,-1,-1,-1,-1
61,14,806,299,84,59,-1,-1,-1,-1
61,26,109,340,92,43,-1,-1,-1,-1
61,28,974,338,72,48,-1,-1,-1,-1
61,43,1017,410,107,67,-1,-1,-1,-1
61,50,166,644,77,46,-1,-1,-1,-1
61,51,32,587,74,83,-1,-1,-1,-1
62,1,25,369,345,176,-1,-1,-1,-1
62,2,967,615,157,104,-1,-1,-1,-1
62,3,574,526,129,67,-1,-1,-1,-1
62,5,856,242,34,29,-1,-1,-1,-1
62,6,781,221,32,29,-1,-1,-1,-1
62,7,1207,226,68,37,-1,-1,-1,-1
62,8,720,331,74,47,-1,-1,-1,-1
62,9,0,480,38,52,-1,-1,-1,-1
62,10,1174,188,59,29,-1,-1,-1,-1
62,11,23,211,63,28,-1,-1,-1,-1
62,12,475,284,74,30,-1,-1,-1,-1
62,13,929,143,27,21,-1,-1,-1,-1
62,14,803,297,83,58,-1,-1,-1,-1
62,25,52,318,97,41,-1,-1,-1,-1
62,26,103,342,92,43,-1,-1,-1,-1
62,28,973,337,71,48,-1,-1,-1,-1
62,43,1009,408,109,66,-1,-1,-1,-1
62,50,171,645,74,45,-1,-1,-1,-1
62,51,34,585,80,84,-1,-1,-1,-1
63,1,26,369,343,175,-1,-1,-1,-1
63,2,979,618,155,101,-1,-1,-1,-1
63,3,580,526,130,69,-1,-1,-1,-1
63,5,856,240,33,29,-1,-1,-1,-1
63,6,781,221,32,28,-1,-1,-1,-1
63,7,1209,225,66,37,-1,-1,-1,-1
63,8,715,329,75,48,-1,-1,-1,-1
63,9,0,479,37,52,-1,-1,-1,-1
63,10,1174,188,59,29,-1,-1,-1,-1
63,11,24,211,61,29,-1,-1,-1,-1
63,12,471,284,73,29,-1,-1,-1,-1
63,13,930,142,28,21,-1,-1,-1,-1
63,14,803,296,80,56,-1,-1,-1,-1
63,25,48,318,97,41,-1,-1,-1,-1
63,26,96,343,93,44,-1,-1,-1,-1
63,28,973,336,70,47,-1,-1,-1,-1
63,43,1002,405,108,65,-1,-1,-1,-1
63,50,176,644,72,44,-1,-1,-1,-1
63,51,35,582,88,85,-1,-1,-1,-1
64,1,26,369,343,175,-1,-1,-1,-1
64,2,993,622,152,96,-1,-1,-1,-1
64,3,586,527,132,69,-1,-1,-1,-1
64,5,856,239,32,29,-1,-1,-1,-1
64,6,782,219,33,29,-1,-1,-1,-1
64,7,1211,224,65,37,-1,-1,-1,-1
64,8,713,328,76,48,-1,-1,-1,-1
64,9,0,479,38,52,-1,-1,-1,-1
64,10,1174,188,59,29,-1,-1,-1,-1
64,11,24,212,61,28,-1,-1,-1,-1
64,12,467,284,73,29,-1,-1,-1,-1
64,14,801,294,81,57,-1,-1,-1,-1
64,25,44,319,96,41,-1,-1,-1,-1
64,26,88,345,95,44,-1,-1,-1,-1
64,28,973,335,70,47,-1,-1,-1,-1
64,43,993,400,111,66,-1,-1,-1,-1
64,50,180,642,73,45,-1,-1,-1,-1
64,51,42,578,93,84,-1,-1,-1,-1
65,1,25,369,344,175,-1,-1,-1,-1
65,2,1008,628,147,90,-1,-1,-1,-1
65,3,592,528,133,70,-1,-1,-1,-1
65,5,856,238,31,28,-1,-1,-1,-1
65,6,784,219,32,28,-1,-1,-1,-1
65,7,1213,223,64,37,-1,-1,-1,-1
65,8,710,327,74,48,-1,-1,-1,-1
65,9,0,479,38,52,-1,-1,-1,-1
65,10,1174,188,59,29,-1,-1,-1,-1
65,11,24,212,60,27,-1,-1,-1,-1
65,12,462,284,73,29,-1,-1,-1,-1
65,13,933,141,27,21,-1,-1,-1,-1
65,14,799,292,80,57,-1,-1,-1,-1
65,25,41,321,95,39,-1,-1,-1,-1
65,26,82,346,95,45,-1,-1,-1,-1
65,28,973,334,68,47,-1,-1,-1,-1
65,43,985,395,113,68,-1,-1,-1,-1
65,50,183,641,75,45,-1,-1,-1,-1
65,51,47,575,99,84,-1,-1,-1,-1
66,1,25,369,344,175,-1,-1,-1,-1
66,2,1022,633,142,85,-1,-1,-1,-1
66,3,598,529,134,72,-1,-1,-1,-1
66,5,855,237,31,27,-1,-1,-1,-1
66,6,786,218,31,26,-1,-1,-1,-1
66,7,1219,223,60,36,-1,-1,-1,-1
66,8,705,325,76,48,-1,-1,-1,-1
66,9,0,479,38,52,-1,-1,-1,-1
66,10,1174,188,59,29,-1,-1,-1,-1
66,11,24,212,61,28,-1,-1,-1,-1
66,12,460,285,70,27,-1,-1,-1,-1
66,13,934,140,27,21,-1,-1,-1,-1
66,14,798,291,77,56,-1,-1,-1,-1
66,25,41,322,97,39,-1,-1,-1,-1
66,27,228,478,151,67,-1,-1,-1,-1
66,28,973,333,67,47,-1,-1,-1,-1
66,43,979,394,110,66,-1,-1,-1,-1
66,50,188,641,74,45,-1,-1,-1,-1
66,51,56,572,104,84,-1,-1,-1,-1
67,1,24,369,345,175,-1,-1,-1,-1
67,2,1035,638,139,80,-1,-1,-1,-1
67,3,605,530,135,72,-1,-1,-1,-1
67,5,855,236,31,27,-1,-1,-1,-1
67,6,786,216,32,27,-1,-1,-1,-1
67,7,1223,222,56,36,-1,-1,-1,-1
67,8,701,323,75,48,-1,-1,-1,-1
67,9,0,480,38,52,-1,-1,-1,-1
67,10,1174,188,59,29,-1,-1,-1,-1
67,11,23,213,61,27,-1,-1,-1,-1
67,12,457,285,69,27,-1,-1,-1,-1
67,13,935,140,27,20,-1,-1,-1,-1
67,14,796,290,75,55,-1,-1,-1,-1
67,25,36,323,98,39,-1,-1,-1,-1
67,27,228,478,151,68,-1,-1,-1,-1
67,28,974,333,64,45,-1,-1,-1,-1
67,43,974,392,107,64,-1,-1,-1,-1
67,50,190,637,77,48,-1,-1,-1,-1
67,51,65,569,109,84,-1,-1,-1,-1
68,1,24,369,345,175,-1,-1,-1,-1
68,2,1048,642,134,77,-1,-1,-1,-1
68,3,611,531,137,73,-1,-1,-1,-1
68,4,1034,647,167,70,-1,-1,-1,-1
68,5,854,235,31,27,-1,-1,-1,-1
68,6,788,214,32,27,-1,-1,-1,-1
68,7,1227,222,52,35,-1,-1,-1,-1
68,8,700,322,72,46,-1,-1,-1,-1
68,9,0,480,38,52,-1,-1,-1,-1
68,10,1174,188,59,29,-1,-1,-1,-1
68,11,22,211,64,29,-1,-1,-1,-1
68,12,453,285,69,27,-1,-1,-1,-1
68,14,794,288,75,55,-1,-1,-1,-1
68,25,25,324,97,39,-1,-1,-1,-1
68,28,974,332,63,45,-1,-1,-1,-1
68,43,969,391,103,62,-1,-1,-1,-1
68,50,195,638,75,46,-1,-1,-1,-1
68,51,72,564,117,87,-1,-1,-1,-1
69,1,24,369,345,175,-1,-1,-1,-1
69,3,618,532,137,74,-1,-1,-1,-1
69,4,1030,649,156,68,-1,-1,-1,-1
69,5,853,233,32,28,-1,-1,-1,-1
69,6,789,213,32,27,-1,-1,-1,-1
69,7,1229,221,50,36,-1,-1,-1,-1
69,8,697,321,71,45,-1,-1,-1,-1
69,9,0,480,38,52,-1,-1,-1,-1
69,10,1174,188,59,29,-1,-1,-1,-1
69,11,22,212,63,29,-1,-1,-1,-1
69,12,448,285,71,27,-1,-1,-1,-1
69,14,791,286,75,55,-1,-1,-1,-1
69,25,22,325,100,39,-1,-1,-1,-1
69,27,228,478,150,68,-1,-1,-1,-1
69,28,974,331,63,45,-1,-1,-1,-1
69,43,962,389,104,61,-1,-1,-1,-1
69,50,201,640,71,43,-1,-1,-1,-1
69,51,82,561,120,85,-1,-1,-1,-1
70,1,23,368,346,177,-1,-1,-1,-1
70,3,625,533,139,76,-1,-1,-1,-1
70,4,1045,652,149,65,-1,-1,-1,-1
70,5,854,232,31,27,-1,-1,-1,-1
70,6,790,213,31,26,-1,-1,-1,-1
70,7,1231,220,48,37,-1,-1,-1,-1
70,8,694,321,70,44,-1,-1,-1,-1
70,9,0,480,38,52,-1,-1,-1,-1
70,10,1174,188,59,29,-1,-1,-1,-1
70,11,23,212,61,29,-1,-1,-1,-1
70,12,444,285,71,27,-1,-1,-1,-1
70,14,790,284,74,55,-1,-1,-1,-1
70,25,13,325,98,39,-1,-1,-1,-1
70,27,228,478,150,68,-1,-1,-1,-1
70,28,973,330,62,45,-1,-1,-1,-1
70,43,956,386,102,60,-1,-1,-1,-1
70,50,208,641,66,40,-1,-1,-1,-1
70,51,90,557,123,86,-1,-1,-1,-1
71,1,23,368,346,177,-1,-1,-1,-1
71,3,631,534,141,78,-1,-1,-1,-1
71,4,1061,660,133,57,-1,-1,-1,-1
71,5,854,230,31,28,-1,-1,-1,-1
71,6,791,211,32,27,-1,-1,-1,-1
71,7,1234,220,45,36,-1,-1,-1,-1
71,8,690,320,69,43,-1,-1,-1,-1
71,9,0,480,38,52,-1,-1,-1,-1
71,10,1174,188,59,29,-1,-1,-1,-1
71,11,23,213,59,27,-1,-1,-1,-1
71,12,439,284,74,29,-1,-1,-1,-1
71,14,789,283,72,54,-1,-1,-1,-1
71,25,6,325,101,41,-1,-1,-1,-1
71,27,228,478,150,68,-1,-1,-1,-1
71,28,973,329,62,45,-1,-1,-1,-1
71,43,950,384,102,59,-1,-1,-1,-1
71,50,211,640,66,41,-1,-1,-1,-1
71,51,99,556,124,83,-1,-1,-1,-1
72,1,24,368,345,177,-1,-1,-1,-1
72,3,637,536,143,78,-1,-1,-1,-1
72,4,1078,666,121,52,-1,-1,-1,-1
72,5,853,228,32,29,-1,-1,-1,-1
72,6,794,210,30,26,-1,-1,-1,-1
72,7,1237,219,42,36,-1,-1,-1,-1
72,8,687,319,69,43,-1,-1,-1,-1
72,9,0,480,37,52,-1,-1,-1,-1
72,10,1174,188,59,29,-1,-1,-1,-1
72,11,23,213,60,27,-1,-1,-1,-1
72,12,436,284,74,28,-1,-1,-1,-1
72,14,788,281,71,54,-1,-1,-1,-1
72,25,0,326,98,41,-1,-1,-1,-1
72,28,973,328,62,45,-1,-1,-1,-1
72,43,943,380,104,61,-1,-1,-1,-1
72,50,215,640,66,40,-1,-1,-1,-1
72,51,110,554,125,82,-1,-1,-1,-1
73,1,24,368,345,177,-1,-1,-1,-1
73,3,644,537,144,80,-1,-1,-1,-1
73,4,1096,672,111,45,-1,-1,-1,-1
73,5,854,228,31,28,-1,-1,-1,-1
73,6,796,209,30,25,-1,-1,-1,-1
73,7,1240,218,39,34,-1,-1,-1,-1
73,8,683,318,71,44,-1,-1,-1,-1
73,9,0,480,37,52,-1,-1,-1,-1
73,10,1174,188,59,29,-1,-1,-1,-1
73,11,23,213,61,27,-1,-1,-1,-1
73,12,435,284,73,28,-1,-1,-1,-1
73,14,787,280,69,53,-1,-1,-1,-1
73,25,0,327,92,41,-1,-1,-1,-1
73,28,974,327,61,45,-1,-1,-1,-1
73,43,937,377,104,61,-1,-1,-1,-1
73,50,215,635,73,44,-1,-1,-1,-1
73,51,119,552,127,81,-1,-1,-1,-1
73,56,1188,295,15,35,-1,-1,-1,-1
74,1,24,368,345,177,-1,-1,-1,-1
74,3,651,538,145,81,-1,-1,-1,-1
74,4,1124,679,102,38,-1,-1,-1,-1
74,5,854,227,30,27,-1,-1,-1,-1
74,6,798,208,30,24,-1,-1,-1,-1
74,7,1243,217,36,34,-1,-1,-1,-1
74,8,679,317,71,43,-1,-1,-1,-1
74,9,0,480,36,52,-1,-1,-1,-1
74,10,1174,188,59,29,-1,-1,-1,-1
74,11,23,213,62,27,-1,-1,-1,-1
74,12,433,283,73,29,-1,-1,-1,-1
74,14,785,280,68,52,-1,-1,-1,-1
74,25,0,328,88,40,-1,-1,-1,-1
74,28,974,326,59,45,-1,-1,-1,-1
74,43,931,373,104,61,-1,-1,-1,-1
74,50,220,633,72,44,-1,-1,-1,-1
74,51,129,551,127,79,-1,-1,-1,-1
74,56,1188,295,15,36,-1,-1,-1,-1
75,1,24,368,345,177,-1,-1,-1,-1
75,3,659,540,145,82,-1,-1,-1,-1
75,4,1141,682,98,35,-1,-1,-1,-1
75,5,854,227,29,25,-1,-1,-1,-1
75,6,799,206,31,25,-1,-1,-1,-1
75,7,1246,217,33,34,-1,-1,-1,-1
75,8,676,315,71,43,-1,-1,-1,-1
75,9,0,480,36,52,-1,-1,-1,-1
75,10,1174,188,59,29,-1,-1,-1,-1
75,11,23,212,63,28,-1,-1,-1,-1
75,12,424,284,74,29,-1,-1,-1,-1
75,14,783,278,68,53,-1,-1,-1,-1
75,25,0,328,85,40,-1,-1,-1,-1
75,28,973,325,60,46,-1,-1,-1,-1
75,43,925,370,103,61,-1,-1,-1,-1
75,50,226,635,67,41,-1,-1,-1,-1
75,51,139,549,128,79,-1,-1,-1,-1
75,56,1188,296,15,36,-1,-1,-1,-1
76,1,24,368,345,177,-1,-1,-1,-1
76,3,666,541,145,83,-1,-1,-1,-1
76,4,1157,689,85,28,-1,-1,-1,-1
76,5,854,225,28,25,-1,-1,-1,-1
76,6,800,205,32,26,-1,-1,-1,-1
76,7,1249,216,30,34,-1,-1,-1,-1
76,8,672,314,72,44,-1,-1,-1,-1
76,9,0,480,36,52,-1,-1,-1,-1
76,10,1175,188,57,29,-1,-1,-1,-1
76,11,22,211,64,29,-1,-1,-1,-1
76,12,420,283,75,29,-1,-1,-1,-1
76,14,782,276,68,53,-1,-1,-1,-1
76,25,0,329,79,38,-1,-1,-1,-1
76,28,974,324,59,46,-1,-1,-1,-1
76,43,920,368,101,60,-1,-1,-1,-1
76,50,230,636,67,40,-1,-1,-1,-1
76,51,148,547,130,78,-1,-1,-1,-1
76,56,1188,296,15,36,-1,-1,-1,-1
77,1,24,368,345,177,-1,-1,-1,-1
77,3,672,543,147,84,-1,-1,-1,-1
77,4,1179,695,67,22,-1,-1,-1,-1
77,5,855,225,27,24,-1,-1,-1,-1
77,6,801,204,32,25,-1,-1,-1,-1
77,8,669,313,72,44,-1,-1,-1,-1
77,9,0,480,36,52,-1,-1,-1,-1
77,10,1175,189,57,27,-1,-1,-1,-1
77,11,22,210,64,29,-1,-1,-1,-1
77,12,414,283,76,30,-1,-1,-1,-1
77,14,780,275,68,53,-1,-1,-1,-1
77,25,0,330,75,37,-1,-1,-1,-1
77,28,974,323,59,47,-1,-1,-1,-1
77,43,916,367,98,57,-1,-1,-1,-1
77,50,233,634,68,41,-1,-1,-1,-1
77,51,158,545,130,76,-1,-1,-1,-1
77,56,1188,296,15,36,-1,-1,-1,-1
78,1,24,368,345,177,-1,-1,-1,-1
78,3,679,545,148,86,-1,-1,-1,-1
78,5,855,224,27,24,-1,-1,-1,-1
78,6,802,203,32,25,-1,-1,-1,-1
78,8,665,311,73,45,-1,-1,-1,-1
78,9,0,480,36,52,-1,-1,-1,-1
78,10,1175,189,57,27,-1,-1,-1,-1
78,11,23,211,62,28,-1,-1,-1,-1
78,12,409,283,77,30,-1,-1,-1,-1
78,14,779,273,67,53,-1,-1,-1,-1
78,25,0,331,69,36,-1,-1,-1,-1
78,28,974,323,58,46,-1,-1,-1,-1
78,43,911,365,98,58,-1,-1,-1,-1
78,50,235,633,70,42,-1,-1,-1,-1
78,51,167,543,131,76,-1,-1,-1,-1
78,56,1188,296,15,36,-1,-1,-1,-1
78,57,3,575,19,48,-1,-1,-1,-1
79,1,24,368,345,177,-1,-1,-1,-1
79,3,686,546,149,87,-1,-1,-1,-1
79,5,855,224,26,23,-1,-1,-1,-1
79,8,661,310,74,45,-1,-1,-1,-1
79,9,0,480,36,52,-1,-1,-1,-1
79,10,1174,188,59,29,-1,-1,-1,-1
79,11,22,210,63,29,-1,-1,-1,-1
79,12,403,283,78,31,-1,-1,-1,-1
79,14,779,270,64,52,-1,-1,-1,-1
79,25,0,332,65,34,-1,-1,-1,-1
79,28,974,322,58,47,-1,-1,-1,-1
79,43,903,362,98,58,-1,-1,-1,-1
79,50,239,632,69,41,-1,-1,-1,-1
79,51,178,542,132,76,-1,-1,-1,-1
79,56,1188,295,15,36,-1,-1,-1,-1
79,57,5,573,20,49,-1,-1,-1,-1
80,1,24,368,345,177,-1,-1,-1,-1
80,3,693,548,151,88,-1,-1,-1,-1
80,5,855,223,27,24,-1,-1,-1,-1
80,8,657,308,74,45,-1,-1,-1,-1
80,9,0,479,36,52,-1,-1,-1,-1
80,10,1174,188,59,29,-1,-1,-1,-1
80,11,23,210,64,29,-1,-1,-1,-1
80,12,398,283,79,31,-1,-1,-1,-1
80,14,779,270,61,49,-1,-1,-1,-1
80,25,0,333,59,32,-1,-1,-1,-1
80,28,974,321,57,47,-1,-1,-1,-1
80,43,899,360,96,56,-1,-1,-1,-1
80,50,244,632,67,40,-1,-1,-1,-1
80,51,185,541,133,75,-1,-1,-1,-1
80,56,1188,295,16,37,-1,-1,-1,-1
80,57,7,573,21,49,-1,-1,-1,-1
81,1,24,368,345,177,-1,-1,-1,-1
81,3,700,550,151,90,-1,-1,-1,-1
81,5,855,223,27,23,-1,-1,-1,-1
81,8,654,307,74,45,-1,-1,-1,-1
81,9,0,479,36,51,-1,-1,-1,-1
81,10,1174,188,59,29,-1,-1,-1,-1
81,11,23,209,66,30,-1,-1,-1,-1
81,12,394,283,79,31,-1,-1,-1,-1
81,14,777,268,61,50,-1,-1,-1,-1
81,25,0,334,53,30,-1,-1,-1,-1
81,28,975,320,56,46,-1,-1,-1,-1
81,43,894,358,95,56,-1,-1,-1,-1
81,50,246,630,69,42,-1,-1,-1,-1
81,51,193,538,135,76,-1,-1,-1,-1
81,56,1188,295,17,38,-1,-1,-1,-1
81,57,9,571,22,50,-1,-1,-1,-1
82,1,24,368,345,177,-1,-1,-1,-1
82,3,707,552,152,91,-1,-1,-1,-1
82,5,855,221,27,23,-1,-1,-1,-1
82,8,651,306,74,45,-1,-1,-1,-1
82,9,0,479,37,51,-1,-1,-1,-1
82,10,1174,188,59,29,-1,-1,-1,-1
82,11,23,209,67,30,-1,-1,-1,-1
82,12,390,283,78,31,-1,-1,-1,-1
82,14,776,267,61,50,-1,-1,-1,-1
82,25,0,335,49,29,-1,-1,-1,-1
82,28,975,319,56,48,-1,-1,-1,-1
82,43,890,355,94,55,-1,-1,-1,-1
82,50,248,628,70,42,-1,-1,-1,-1
82,51,204,535,134,75,-1,-1,-1,-1
82,56,1188,295,17,39,-1,-1,-1,-1
82,57,11,569,24,51,-1,-1,-1,-1
83,1,24,368,345,177,-1,-1,-1,-1
83,3,715,555,152,92,-1,-1,-1,-1
83,5,856,221,25,22,-1,-1,-1,-1
83,6,810,197,34,25,-1,-1,-1,-1
83,8,648,302,76,48,-1,-1,-1,-1
83,9,0,479,36,51,-1,-1,-1,-1
83,10,1174,188,59,29,-1,-1,-1,-1
83,11,24,210,65,29,-1,-1,-1,-1
83,12,386,283,79,31,-1,-1,-1,-1
83,14,774,265,61,52,-1,-1,-1,-1
83,25,0,336,45,29,-1,-1,-1,-1
83,28,975,318,55,47,-1,-1,-1,-1
83,43,886,353,92,54,-1,-1,-1,-1
83,50,253,628,69,42,-1,-1,-1,-1
83,51,214,534,132,72,-1,-1,-1,-1
83,56,1188,295,17,40,-1,-1,-1,-1
83,57,12,567,27,53,-1,-1,-1,-1
84,1,24,369,345,175,-1,-1,-1,-1
84,3,723,557,153,93,-1,-1,-1,-1
84,5,856,220,25,22,-1,-1,-1,-1
84,6,812,195,34,26,-1,-1,-1,-1
84,8,645,302,76,47,-1,-1,-1,-1
84,9,0,480,36,50,-1,-1,-1,-1
84,10,1174,188,59,29,-1,-1,-1,-1
84,11,23,210,65,30,-1,-1,-1,-1
84,12,380,283,81,32,-1,-1,-1,-1
84,14,773,265,60,50,-1,-1,-1,-1
84,25,0,338,40,27,-1,-1,-1,-1
84,27,230,477,145,66,-1,-1,-1,-1
84,28,976,317,53,47,-1,-1,-1,-1
84,43,882,351,91,54,-1,-1,-1,-1
84,50,256,628,69,41,-1,-1,-1,-1
84,51,223,532,134,73,-1,-1,-1,-1
84,56,1188,296,17,40,-1,-1,-1,-1
84,57,13,566,29,53,-1,-1,-1,-1
85,1,24,369,344,175,-1,-1,-1,-1
85,3,729,559,154,94,-1,-1,-1,-1
85,8,641,302,75,46,-1,-1,-1,-1
85,9,0,479,36,51,-1,-1,-1,-1
85,10,1174,188,59,29,-1,-1,-1,-1
85,11,24,211,62,28,-1,-1,-1,-1
85,12,376,283,82,32,-1,-1,-1,-1
85,14,772,263,60,51,-1,-1,-1,-1
85,25,0,339,37,28,-1,-1,-1,-1
85,27,229,476,147,67,-1,-1,-1,-1
85,28,978,317,50,45,-1,-1,-1,-1
85,43,877,349,90,53,-1,-1,-1,-1
85,50,260,628,67,40,-1,-1,-1,-1
85,51,232,531,134,72,-1,-1,-1,-1
85,56,1188,296,17,41,-1,-1,-1,-1
85,57,13,564,33,55,-1,-1,-1,-1
85,59,0,376,37,37,-1,-1,-1,-1
86,1,25,369,344,175,-1,-1,-1,-1
86,3,736,561,154,96,-1,-1,-1,-1
86,8,637,302,74,46,-1,-1,-1,-1
86,9,0,480,36,50,-1,-1,-1,-1
86,10,1174,188,59,29,-1,-1,-1,-1
86,11,24,212,61,27,-1,-1,-1,-1
86,12,372,284,81,32,-1,-1,-1,-1
86,14,771,262,60,51,-1,-1,-1,-1
86,25,0,340,33,28,-1,-1,-1,-1
86,27,230,477,145,65,-1,-1,-1,-1
86,28,979,316,49,45,-1,-1,-1,-1
86,43,874,347,88,52,-1,-1,-1,-1
86,50,262,627,68,41,-1,-1,-1,-1
86,51,240,530,137,73,-1,-1,-1,-1
86,56,1188,298,17,39,-1,-1,-1,-1
86,57,14,562,35,55,-1,-1,-1,-1
86,59,0,379,31,34,-1,-1,-1,-1
86,60,1248,516,23,45,-1,-1,-1,-1
87,1,25,369,345,175,-1,-1,-1,-1
87,3,743,563,158,99,-1,-1,-1,-1
87,6,819,192,33,25,-1,-1,-1,-1
87,8,635,301,73,45,-1,-1,-1,-1
87,9,0,480,36,50,-1,-1,-1,-1
87,10,1174,188,59,29,-1,-1,-1,-1
87,11,23,212,62,28,-1,-1,-1,-1
87,12,368,285,80,31,-1,-1,-1,-1
87,14,771,260,58,50,-1,-1,-1,-1
87,27,230,477,146,66,-1,-1,-1,-1
87,28,979,316,49,44,-1,-1,-1,-1
87,43,869,344,89,53,-1,-1,-1,-1
87,50,266,626,67,41,-1,-1,-1,-1
87,51,249,528,136,73,-1,-1,-1,-1
87,56,1189,297,16,39,-1,-1,-1,-1
87,57,15,562,38,56,-1,-1,-1,-1
87,59,0,380,27,34,-1,-1,-1,-1
87,60,1243,513,24,46,-1,-1,-1,-1
